# LED_current (A)	PM_NSB (W)	PM_CAM (W)
1.000000000000000021e-02 5.290927152317879620e-05 1.999999999999999879e-11
1.200000000000000025e-02 6.071788079470197323e-05 1.999999999999999879e-11
1.600000000000000033e-02 7.631258278145694658e-05 3.000000000000000626e-11
2.000000000000000042e-02 9.200460526315788030e-05 3.013245033112583011e-11
2.599999999999999881e-02 1.169914473684210407e-04 3.999999999999999758e-11
3.300000000000000155e-02 1.447291390728477098e-04 5.304635761589402141e-11
4.200000000000000261e-02 1.820774834437085665e-04 7.000000000000000384e-11
5.399999999999999939e-02 2.314529801324502641e-04 9.000000000000001233e-11
6.900000000000000577e-02 2.928205298013244529e-04 1.100000000000000467e-10
8.799999999999999489e-02 3.740000000000000377e-04 1.404635761589404235e-10
1.120000000000000023e-01 4.709999999999999560e-04 1.800000000000000247e-10
1.429999999999999882e-01 5.980000000000000072e-04 2.299999999999999554e-10
1.829999999999999960e-01 7.590000000000001260e-04 2.993377483443708917e-10
2.330000000000000127e-01 9.590000000000001084e-04 3.700000000000000665e-10
2.969999999999999862e-01 1.209986754966887535e-03 4.700000000000000313e-10
3.790000000000000036e-01 1.527980263157894744e-03 5.999999999999999960e-10
4.829999999999999849e-01 1.920999999999999748e-03 7.499999999999998916e-10
6.149999999999999911e-01 2.405046357615894023e-03 9.400000000000000627e-10
7.840000000000000302e-01 3.010000000000000089e-03 1.179999999999999854e-09
1.000000000000000000e+00 3.739999999999998968e-03 1.469999999999999887e-09
