# FW position	PM_Laser (W)	PM_CAM (W)
0.000000000000000000e+00 1.052112676056338023e-07 -9.859154929577462076e-12
4.100000000000000000e+01 1.049577464788732376e-07 -9.999999999999999395e-12
8.200000000000000000e+01 1.048000000000000252e-07 -9.736842105263157518e-12
1.240000000000000000e+02 1.043014084507042325e-07 -9.868421052631578457e-12
1.650000000000000000e+02 1.043619718309859138e-07 -9.210526315789473765e-12
2.060000000000000000e+02 1.041957746478873118e-07 -9.605263157894736580e-12
2.480000000000000000e+02 1.039140845070422340e-07 -9.999999999999999395e-12
2.890000000000000000e+02 1.042299999999999745e-07 -9.342105263157894703e-12
3.300000000000000000e+02 1.042042253521126617e-07 -9.999999999999999395e-12
3.720000000000000000e+02 1.042084507042253301e-07 -9.473684210526315641e-12
4.130000000000000000e+02 1.041352112676056835e-07 -9.868421052631576841e-12
4.550000000000000000e+02 1.040563380281690442e-07 -9.473684210526315641e-12
4.960000000000000000e+02 1.007112676056337554e-07 -9.868421052631576841e-12
5.370000000000000000e+02 5.731267605633804833e-08 -9.999999999999999395e-12
5.790000000000000000e+02 5.597638888888888748e-09 -9.999999999999999395e-12
6.200000000000000000e+02 1.999999999999999556e-11 -9.999999999999999395e-12
6.610000000000000000e+02 0.000000000000000000e+00 -9.999999999999999395e-12
7.030000000000000000e+02 0.000000000000000000e+00 -9.999999999999999395e-12
7.440000000000000000e+02 0.000000000000000000e+00 -9.999999999999999395e-12
7.850000000000000000e+02 0.000000000000000000e+00 -9.999999999999999395e-12
8.270000000000000000e+02 0.000000000000000000e+00 -9.999999999999999395e-12
8.680000000000000000e+02 0.000000000000000000e+00 -9.999999999999999395e-12
9.100000000000000000e+02 0.000000000000000000e+00 -9.999999999999999395e-12
9.510000000000000000e+02 0.000000000000000000e+00 -9.999999999999999395e-12
9.920000000000000000e+02 0.000000000000000000e+00 -9.999999999999999395e-12
1.034000000000000000e+03 0.000000000000000000e+00 -9.999999999999999395e-12
1.075000000000000000e+03 0.000000000000000000e+00 -9.999999999999999395e-12
1.116000000000000000e+03 0.000000000000000000e+00 -9.999999999999999395e-12
1.158000000000000000e+03 0.000000000000000000e+00 -9.999999999999999395e-12
1.199000000000000000e+03 5.633802816901409555e-12 -9.999999999999999395e-12
1.240000000000000000e+03 9.999999999999997779e-12 -9.999999999999999395e-12
1.282000000000000000e+03 9.999999999999997779e-12 -9.999999999999999395e-12
1.323000000000000000e+03 9.999999999999997779e-12 -9.999999999999999395e-12
1.365000000000000000e+03 9.999999999999997779e-12 -9.999999999999999395e-12
1.406000000000000000e+03 9.999999999999997779e-12 -9.999999999999999395e-12
1.447000000000000000e+03 1.999999999999999556e-11 -9.999999999999999395e-12
1.489000000000000000e+03 1.999999999999999556e-11 -9.999999999999999395e-12
1.530000000000000000e+03 1.999999999999999556e-11 -9.999999999999999395e-12
1.571000000000000000e+03 2.887323943661972710e-11 -9.999999999999999395e-12
1.613000000000000000e+03 3.000000000000001273e-11 -9.999999999999999395e-12
1.654000000000000000e+03 3.042253521126760853e-11 -9.999999999999999395e-12
1.695000000000000000e+03 3.999999999999999112e-11 -9.999999999999999395e-12
1.737000000000000000e+03 4.901408450704225028e-11 -9.999999999999999395e-12
1.778000000000000000e+03 5.000000000000000182e-11 -9.999999999999999395e-12
1.820000000000000000e+03 6.000000000000002545e-11 -9.999999999999999395e-12
1.861000000000000000e+03 7.000000000000000384e-11 -9.999999999999999395e-12
1.902000000000000000e+03 7.999999999999998224e-11 -9.999999999999999395e-12
1.944000000000000000e+03 9.000000000000002525e-11 -9.999999999999999395e-12
1.985000000000000000e+03 1.100000000000000208e-10 -9.999999999999999395e-12
2.026000000000000000e+03 1.200000000000000509e-10 -9.999999999999999395e-12
2.068000000000000000e+03 1.400000000000000077e-10 -9.999999999999999395e-12
2.109000000000000000e+03 1.699999999999999299e-10 -9.999999999999999395e-12
2.150000000000000000e+03 2.000000000000000073e-10 -9.999999999999999395e-12
2.192000000000000000e+03 2.307042253521126581e-10 -9.999999999999999395e-12
2.233000000000000000e+03 2.800000000000000154e-10 -9.999999999999999395e-12
2.275000000000000000e+03 3.299999999999999978e-10 -9.999999999999999395e-12
2.316000000000000000e+03 3.899999999999999457e-10 -9.999999999999999395e-12
2.357000000000000000e+03 4.698591549295772840e-10 -9.999999999999999395e-12
2.399000000000000000e+03 5.500000000000001687e-10 -9.999999999999999395e-12
2.440000000000000000e+03 6.500000000000002369e-10 -9.999999999999999395e-12
2.481000000000000000e+03 7.699999999999998226e-10 -9.999999999999999395e-12
2.523000000000000000e+03 9.299999999999996836e-10 -9.999999999999999395e-12
2.564000000000000000e+03 1.120000000000000061e-09 -9.999999999999999395e-12
2.605000000000000000e+03 1.339999999999999715e-09 -9.999999999999999395e-12
2.647000000000000000e+03 1.599999999999999851e-09 -9.999999999999999395e-12
2.688000000000000000e+03 1.900000000000000883e-09 -9.999999999999999395e-12
2.730000000000000000e+03 2.259999999999999640e-09 -9.999999999999999395e-12
2.771000000000000000e+03 2.698169014084506541e-09 -9.999999999999999395e-12
2.812000000000000000e+03 3.196619718309858730e-09 -9.999999999999999395e-12
2.854000000000000000e+03 3.779859154929575780e-09 -9.999999999999999395e-12
2.895000000000000000e+03 4.470985915492956824e-09 -9.999999999999999395e-12
2.936000000000000000e+03 5.319999999999999000e-09 -9.999999999999999395e-12
2.978000000000000000e+03 6.288169014084505104e-09 -9.999999999999999395e-12
3.019000000000000000e+03 7.420000000000002915e-09 -9.999999999999999395e-12
3.060000000000000000e+03 8.750563380281689932e-09 -9.999999999999999395e-12
3.102000000000000000e+03 1.035585714285714504e-08 -9.999999999999999395e-12
3.143000000000000000e+03 1.219985915492957524e-08 -9.999999999999999395e-12
3.185000000000000000e+03 1.447140845070421824e-08 -9.999999999999999395e-12
3.226000000000000000e+03 1.700422535211267831e-08 -9.999999999999999395e-12
3.267000000000000000e+03 1.995338028169013267e-08 -9.999999999999999395e-12
3.309000000000000000e+03 2.365633802816901579e-08 -9.999999999999999395e-12
3.350000000000000000e+03 2.825507042253521213e-08 -9.999999999999999395e-12
3.391000000000000000e+03 3.440000000000000363e-08 -9.999999999999999395e-12
3.433000000000000000e+03 4.192112676056337288e-08 -9.999999999999999395e-12
3.474000000000000000e+03 4.988591549295774692e-08 -9.999999999999999395e-12
3.515000000000000000e+03 5.910000000000000643e-08 -9.999999999999999395e-12
3.557000000000000000e+03 7.684788732394364921e-08 -9.999999999999999395e-12
3.598000000000000000e+03 9.840140845070418629e-08 -9.868421052631576841e-12
3.640000000000000000e+03 1.030084507042253194e-07 -9.999999999999999395e-12
3.681000000000000000e+03 1.030507042253520823e-07 -9.868421052631576841e-12
3.722000000000000000e+03 1.030436619718309640e-07 -9.736842105263157518e-12
3.764000000000000000e+03 1.030999999999999901e-07 -9.999999999999999395e-12
3.805000000000000000e+03 1.030211267605633509e-07 -9.999999999999999395e-12
3.846000000000000000e+03 1.030985915492957718e-07 -9.999999999999999395e-12
3.888000000000000000e+03 1.031338028169014032e-07 -9.999999999999999395e-12
3.929000000000000000e+03 1.029492957746478962e-07 -9.999999999999999395e-12
3.970000000000000000e+03 1.029535211267605778e-07 -9.999999999999999395e-12
4.012000000000000000e+03 1.028014084507042389e-07 -9.999999999999999395e-12
4.053000000000000000e+03 1.028112676056338072e-07 -9.999999999999999395e-12
4.095000000000000000e+03 1.026802816901408234e-07 -9.999999999999999395e-12
