# LED_current (A)	PM_NSB (W)	PM_CAM (W)
1.000000000000000021e-02 5.678079470198674802e-05 9.999999999999999395e-12
1.200000000000000025e-02 6.450728476821193831e-05 1.999999999999999879e-11
1.600000000000000033e-02 8.021986754966887556e-05 2.000000000000000202e-11
2.000000000000000042e-02 9.600132450331124378e-05 3.000000000000000626e-11
2.599999999999999881e-02 1.211900662251655798e-04 3.999999999999999758e-11
3.300000000000000155e-02 1.491006622516556060e-04 4.999999999999998890e-11
4.200000000000000261e-02 1.866728476821192184e-04 7.000000000000000384e-11
5.399999999999999939e-02 2.363284768211920727e-04 9.000000000000001233e-11
6.900000000000000577e-02 2.980311258278145101e-04 1.100000000000000467e-10
8.799999999999999489e-02 3.800000000000000209e-04 1.400000000000000077e-10
1.120000000000000023e-01 4.769999999999998850e-04 1.800000000000000247e-10
1.429999999999999882e-01 6.049999999999999606e-04 2.299999999999999554e-10
1.829999999999999960e-01 7.669999999999999951e-04 2.991390728476821236e-10
2.330000000000000127e-01 9.679999999999997851e-04 3.703973509933774992e-10
2.969999999999999862e-01 1.219635761589403684e-03 4.700000000000000313e-10
3.790000000000000036e-01 1.539000000000000003e-03 5.999999999999999960e-10
4.829999999999999849e-01 1.934576158940396785e-03 7.515894039735099329e-10
6.149999999999999911e-01 2.421152317880794803e-03 9.500000000000002349e-10
7.840000000000000302e-01 3.030000000000000575e-03 1.187880794701986638e-09
1.000000000000000000e+00 3.769999999999999480e-03 1.480000000000000266e-09
