# LED_current (A)	PM_NSB (W)	PM_CAM (W)
1.000000000000000021e-02 5.579933774834436685e-05 1.999999999999999879e-11
1.200000000000000025e-02 6.359867549668874603e-05 1.999999999999999879e-11
1.600000000000000033e-02 7.928211920529803483e-05 3.000000000000000626e-11
2.000000000000000042e-02 9.499006622516555282e-05 3.000000000000000626e-11
2.599999999999999881e-02 1.201013245033112604e-04 3.999999999999999758e-11
3.300000000000000155e-02 1.479986754966887376e-04 4.999999999999998890e-11
4.200000000000000261e-02 1.855072847682118979e-04 6.960264900662251937e-11
5.399999999999999939e-02 2.351735099337748727e-04 7.999999999999999516e-11
6.900000000000000577e-02 2.967973509933774403e-04 1.100000000000000467e-10
8.799999999999999489e-02 3.779999999999999181e-04 1.395364238410595919e-10
1.120000000000000023e-01 4.759999999999998065e-04 1.699999999999999816e-10
1.429999999999999882e-01 6.030000000000001288e-04 2.200000000000000933e-10
1.829999999999999960e-01 7.650397350993378646e-04 2.800000000000000154e-10
2.330000000000000127e-01 9.659999999999997365e-04 3.499999999999999287e-10
2.969999999999999862e-01 1.216999999999999766e-03 4.400000000000001866e-10
3.790000000000000036e-01 1.536914473684210681e-03 5.600000000000000307e-10
4.829999999999999849e-01 1.931999999999999473e-03 6.999999999999998575e-10
6.149999999999999911e-01 2.418000000000000444e-03 8.800000000000003733e-10
7.840000000000000302e-01 3.019999999999999681e-03 1.100000000000000131e-09
1.000000000000000000e+00 3.759999999999999454e-03 1.370264900662251854e-09
