# FW position	PM_Laser (W)	PM_CAM (W)
0.000000000000000000e+00 1.730295774647887957e-04 6.359436619718311036e-09
4.100000000000000000e+01 1.732000000000000358e-04 6.367499999999998950e-09
8.200000000000000000e+01 1.734000000000000135e-04 6.379868421052631797e-09
1.240000000000000000e+02 1.729408450704224742e-04 6.349999999999998958e-09
1.650000000000000000e+02 1.733563380281690663e-04 6.359999999999999544e-09
2.060000000000000000e+02 1.732999999999999298e-04 6.369999999999997648e-09
2.480000000000000000e+02 1.731000000000000605e-04 6.359999999999999544e-09
2.890000000000000000e+02 1.737999999999999962e-04 6.394736842105263344e-09
3.300000000000000000e+02 1.739028169014084188e-04 6.399999999999998579e-09
3.720000000000000000e+02 1.740999999999999763e-04 6.407894736842106394e-09
4.130000000000000000e+02 1.740999999999999763e-04 6.410000000000001646e-09
4.550000000000000000e+02 1.740999999999999763e-04 6.410000000000001646e-09
4.960000000000000000e+02 1.685154929577465039e-04 6.200000000000000097e-09
5.370000000000000000e+02 9.639999999999998505e-05 3.290000000000000426e-09
5.790000000000000000e+02 9.200000000000000007e-06 1.100000000000000467e-10
6.200000000000000000e+02 3.565400000000000282e-08 -9.999999999999999395e-12
6.610000000000000000e+02 3.235416666666666273e-09 -9.999999999999999395e-12
7.030000000000000000e+02 3.349999999999998565e-09 -9.999999999999999395e-12
7.440000000000000000e+02 3.940000000000001697e-09 -9.999999999999999395e-12
7.850000000000000000e+02 5.068591549295775078e-09 -9.999999999999999395e-12
8.270000000000000000e+02 5.370000000000000274e-09 -9.999999999999999395e-12
8.680000000000000000e+02 6.120000000000000373e-09 -9.999999999999999395e-12
9.100000000000000000e+02 6.770000000000000403e-09 -9.999999999999999395e-12
9.510000000000000000e+02 7.669999999999996882e-09 -9.999999999999999395e-12
9.920000000000000000e+02 8.789999999999996323e-09 -9.999999999999999395e-12
1.034000000000000000e+03 1.022999999999999962e-08 -9.999999999999999395e-12
1.075000000000000000e+03 1.172352112676055923e-08 -9.999999999999999395e-12
1.116000000000000000e+03 1.339999999999999426e-08 -9.999999999999999395e-12
1.158000000000000000e+03 1.520000000000000707e-08 -9.999999999999999395e-12
1.199000000000000000e+03 1.726000000000000037e-08 -9.999999999999999395e-12
1.240000000000000000e+03 1.956492957746478858e-08 -9.999999999999999395e-12
1.282000000000000000e+03 2.227197183098591787e-08 -9.999999999999999395e-12
1.323000000000000000e+03 2.552000000000000286e-08 -9.999999999999999395e-12
1.365000000000000000e+03 2.900999999999998978e-08 -9.999999999999999395e-12
1.406000000000000000e+03 3.190000000000001433e-08 -9.999999999999999395e-12
1.447000000000000000e+03 3.600000000000001134e-08 -9.999999999999999395e-12
1.489000000000000000e+03 4.072676056338026872e-08 -9.999999999999999395e-12
1.530000000000000000e+03 4.600000000000001486e-08 -9.999999999999999395e-12
1.571000000000000000e+03 5.179999999999999400e-08 -9.999999999999999395e-12
1.613000000000000000e+03 5.920000000000002056e-08 -9.999999999999999395e-12
1.654000000000000000e+03 6.690140845070424171e-08 -9.999999999999999395e-12
1.695000000000000000e+03 7.510000000000004382e-08 -9.999999999999999395e-12
1.737000000000000000e+03 8.550000000000001784e-08 -9.999999999999999395e-12
1.778000000000000000e+03 9.670000000000001225e-08 -9.999999999999999395e-12
1.820000000000000000e+03 1.105000000000000167e-07 -9.868421052631576841e-12
1.861000000000000000e+03 1.257999999999999750e-07 -8.684210526315790011e-12
1.902000000000000000e+03 1.435492957746478362e-07 -3.947368421052631383e-12
1.944000000000000000e+03 1.644999999999999973e-07 -1.315789473684210394e-13
1.985000000000000000e+03 1.891366197183098292e-07 0.000000000000000000e+00
2.026000000000000000e+03 2.165000000000000130e-07 0.000000000000000000e+00
2.068000000000000000e+03 2.511000000000001772e-07 0.000000000000000000e+00
2.109000000000000000e+03 2.910718309859156385e-07 0.000000000000000000e+00
2.150000000000000000e+03 3.429999999999999877e-07 0.000000000000000000e+00
2.192000000000000000e+03 4.039999999999999648e-07 3.684210526315788698e-12
2.233000000000000000e+03 4.760000000000000801e-07 9.999999999999999395e-12
2.275000000000000000e+03 5.640000000000003387e-07 9.999999999999999395e-12
2.316000000000000000e+03 6.700000000000000438e-07 1.118421052631579107e-11
2.357000000000000000e+03 7.950000000000002234e-07 1.999999999999999879e-11
2.399000000000000000e+03 9.389999999999999247e-07 2.355263157894737059e-11
2.440000000000000000e+03 1.110999999999999612e-06 3.000000000000000626e-11
2.481000000000000000e+03 1.314999999999999692e-06 3.999999999999999758e-11
2.523000000000000000e+03 1.576436619718310215e-06 4.999999999999998890e-11
2.564000000000000000e+03 1.896000000000000778e-06 6.000000000000001253e-11
2.605000000000000000e+03 2.268000000000000986e-06 7.078947368421051655e-11
2.647000000000000000e+03 2.706070422535211194e-06 9.000000000000001233e-11
2.688000000000000000e+03 3.210000000000000606e-06 1.100000000000000467e-10
2.730000000000000000e+03 3.819999999999997307e-06 1.299999999999999905e-10
2.771000000000000000e+03 4.560000000000002928e-06 1.599999999999999903e-10
2.812000000000000000e+03 5.400000000000003356e-06 1.900000000000000160e-10
2.854000000000000000e+03 6.380422535211269544e-06 2.299999999999999812e-10
2.895000000000000000e+03 7.559999999999999616e-06 2.699999999999999465e-10
2.936000000000000000e+03 8.980000000000002114e-06 3.199999999999999806e-10
2.978000000000000000e+03 1.062000000000000505e-05 3.800000000000000319e-10
3.019000000000000000e+03 1.252999999999999862e-05 4.551315789473683296e-10
3.060000000000000000e+03 1.478000000000000587e-05 5.399999999999998930e-10
3.102000000000000000e+03 1.748605633802817399e-05 6.399999999999999613e-10
3.143000000000000000e+03 2.059126760563380576e-05 7.523684210526315331e-10
3.185000000000000000e+03 2.443408450704225360e-05 9.000000000000000974e-10
3.226000000000000000e+03 2.869999999999999965e-05 1.057368421052631617e-09
3.267000000000000000e+03 3.369999999999997889e-05 1.240000000000000267e-09
3.309000000000000000e+03 3.989999999999998729e-05 1.469999999999999887e-09
3.350000000000000000e+03 4.770000000000000070e-05 1.760000000000000747e-09
3.391000000000000000e+03 5.810000000000001632e-05 2.159999999999999572e-09
3.433000000000000000e+03 7.089999999999996153e-05 2.631315789473683619e-09
3.474000000000000000e+03 8.426197183098596360e-05 3.129999999999999738e-09
3.515000000000000000e+03 9.980985915492956561e-05 3.710000000000000217e-09
3.557000000000000000e+03 1.296000000000000602e-04 4.850131578947367680e-09
3.598000000000000000e+03 1.662056338028168958e-04 6.219210526315789411e-09
3.640000000000000000e+03 1.738380281690140488e-04 6.399999999999998579e-09
3.681000000000000000e+03 1.738999999999999715e-04 6.399999999999998579e-09
3.722000000000000000e+03 1.738999999999999715e-04 6.399999999999998579e-09
3.764000000000000000e+03 1.740169014084507393e-04 6.410000000000001646e-09
3.805000000000000000e+03 1.738999999999999715e-04 6.399999999999998579e-09
3.846000000000000000e+03 1.740000000000000552e-04 6.410000000000001646e-09
3.888000000000000000e+03 1.740999999999999763e-04 6.410000000000001646e-09
3.929000000000000000e+03 1.737999999999999962e-04 6.389999999999999647e-09
3.970000000000000000e+03 1.737999999999999962e-04 6.389999999999999647e-09
4.012000000000000000e+03 1.735000000000000160e-04 6.380000000000001543e-09
4.053000000000000000e+03 1.735760563380281212e-04 6.380000000000001543e-09
4.095000000000000000e+03 1.732999999999999298e-04 6.369999999999998476e-09
